0 48.9059 0
0 -82.4946 0
0 7.84021 0
0 -3.62865 0
0 -91.6379 0
0 71.1783 0
0 -8.26746 0
-13.0345 78.8873 25.2174
55.0218 54.0452 7.19932
-49.4919 51.9822 34.1166
85.7784 63.4632 51.8296
64.1408 -30.1248 99.9756
41.905 97.0519 -44.1328
5.38041 -17.246 -38.5479
-72.8202 -78.283 -28.5501
96.7162 74.0226 53.4349
-30.6619 -5.33769 93.2371
92.9258 50.499 79.2474
74.4377 -12.949 27.1767
55.2416 -21.2317 -74.0593
8.37733 57.4328 -83.5688
-64.6962 -52.031 31.37
-70.6168 -46.5255 -61.5833
77.0806 85.2412 -25.4494
-93.4568 -13.1565 -11.1301
-61.2964 67.4551 -91.5647
-82.2443 -48.9059 -7.10166
-35.0322 87.4569 -89.5322
50.3891 -37.3943 53.3616
-71.1539 69.219 17.478
-44.9019 23.4107 -10.3
32.9264 9.67742 61.9739
-48.1063 58.4338 -40.2142
43.1379 -20.0232 61.4002
83.3613 92.5535 -81.3959
-56.8773 70.7816 56.3646
-22.5379 -69.9087 -24.1432
73.2353 -59.7095 -28.0068
-53.0808 6.08844 -5.42314
77.5445 -55.7787 -85.0948
38.2244 19.5227 -50.0839
51.7502 19.4311 -59.8498
76.8853 -40.672 -33.9946
88.1527 82.6106 -45.6526
60.3931 18.6254 94.4212
-23.191 16.6417 87.1822
52.2507 86.6512 -84.405
-30.6619 75.3288 -11.1545
-45.4695 36.6741 58.8
68.3096 67.4795 -79.2352
